DTM_CLIENT_SYSTEM=0.216049
DTM_CLIENT_USER=0.049958
DTM_CLIENT_MEM=1467786816
DTM_SERVER_SYSTEM=
DTM_SERVER_USER=
DTM_SERVER_MEM=
DTM_BW=10683772010.147993
DTM_RTS=78853
