DTM_CLIENT_SYSTEM=0.636221
DTM_CLIENT_USER=0.057987
DTM_CLIENT_MEM=1244604224
DTM_SERVER_SYSTEM=
DTM_SERVER_USER=
DTM_SERVER_MEM=
DTM_BW=37759986261.30952
DTM_RTS=6039732
