DTS_CLIENT_SYSTEM=0.374437
DTS_CLIENT_USER=0.050963
DTS_CLIENT_MEM=1209627904
DTS_SERVER_SYSTEM=
DTS_SERVER_USER=
DTS_SERVER_MEM=
DTS_BW=21672949882.702477
DTS_RTS=792190
