DTS_CLIENT_SYSTEM=0.049005
DTS_CLIENT_USER=0.033435
DTS_CLIENT_MEM=1451195904
DTS_SERVER_SYSTEM=
DTS_SERVER_USER=
DTS_SERVER_MEM=
DTS_BW=2998483062.396239
DTS_RTS=13611
