DUM_CLIENT_SYSTEM=2.087177
DUM_CLIENT_USER=0.446866
DUM_CLIENT_MEM=1235093440
DUM_SERVER_SYSTEM=
DUM_SERVER_USER=
DUM_SERVER_MEM=
DUM_BW=21370654283.793625
DUM_JITTER=0.0022547489442232755
DUM_LOST=11.853045428938596
