DUM_CLIENT_SYSTEM=2.085969
DUM_CLIENT_USER=0.445249
DUM_CLIENT_MEM=1434314624
DUM_SERVER_SYSTEM=
DUM_SERVER_USER=
DUM_SERVER_MEM=
DUM_BW=19862218760.9988
DUM_JITTER=0.0029400241698915555
DUM_LOST=16.92552678365818
