DUS_CLIENT_SYSTEM=0.272255
DUS_CLIENT_USER=0.072940
DUS_CLIENT_MEM=1213720576
DUS_SERVER_SYSTEM=
DUS_SERVER_USER=
DUS_SERVER_MEM=
DUS_BW=3989518651.9231453
DUS_JITTER=0.005907857258555862
DUS_LOST=7.117936526329174
