DUS_CLIENT_SYSTEM=0.263719
DUS_CLIENT_USER=0.082607
DUS_CLIENT_MEM=1439998464
DUS_SERVER_SYSTEM=
DUS_SERVER_USER=
DUS_SERVER_MEM=
DUS_BW=3689199751.68735
DUS_JITTER=0.0007691934538300426
DUS_LOST=7.6962765135095
