STM_CLIENT_SYSTEM=0.360179
STM_CLIENT_USER=0.038000
STM_CLIENT_MEM=1223432064
STM_SERVER_SYSTEM=
STM_SERVER_USER=
STM_SERVER_MEM=
STM_BW=22712911422.564434
STM_RTS=19167
