STS_CLIENT_SYSTEM=0.336813
STS_CLIENT_USER=0.046220
STS_CLIENT_MEM=1211189440
STS_SERVER_SYSTEM=
STS_SERVER_USER=
STS_SERVER_MEM=
STS_BW=20658062773.0325
STS_RTS=1166588
