STS_CLIENT_SYSTEM=0.052101
STS_CLIENT_USER=0.046367
STS_CLIENT_MEM=1474711168
STS_SERVER_SYSTEM=
STS_SERVER_USER=
STS_SERVER_MEM=
STS_BW=2843263071.44017
STS_RTS=14538
