SUM_CLIENT_SYSTEM=2.003048
SUM_CLIENT_USER=0.440097
SUM_CLIENT_MEM=1200564992
SUM_SERVER_SYSTEM=
SUM_SERVER_USER=
SUM_SERVER_MEM=
SUM_BW=21755810354.54121
SUM_JITTER=0.003020671853135726
SUM_LOST=6.8431201936551975
