SUM_CLIENT_SYSTEM=1.885682
SUM_CLIENT_USER=0.394769
SUM_CLIENT_MEM=1449187840
SUM_SERVER_SYSTEM=
SUM_SERVER_USER=
SUM_SERVER_MEM=
SUM_BW=20798378506.67262
SUM_JITTER=0.0029719584463269444
SUM_LOST=4.457323601375767
