SUS_CLIENT_SYSTEM=0.249783
SUS_CLIENT_USER=0.074410
SUS_CLIENT_MEM=1205472960
SUS_SERVER_SYSTEM=
SUS_SERVER_USER=
SUS_SERVER_MEM=
SUS_BW=3857364301.493353
SUS_JITTER=0.0009717853416005
SUS_LOST=5.285154255314037
