DTM_CLIENT_SYSTEM=0.721913
DTM_CLIENT_USER=0.053226
DTM_CLIENT_MEM=1528596160
DTM_SERVER_SYSTEM=
DTM_SERVER_USER=
DTM_SERVER_MEM=
DTM_BW=49081883223.688156
DTM_RTS=103877
