DTS_CLIENT_SYSTEM=0.359432
DTS_CLIENT_USER=0.043761
DTS_CLIENT_MEM=1509221824
DTS_SERVER_SYSTEM=
DTS_SERVER_USER=
DTS_SERVER_MEM=
DTS_BW=24496210126.527176
DTS_RTS=1082
