DUM_CLIENT_SYSTEM=1.081112
DUM_CLIENT_USER=0.199922
DUM_CLIENT_MEM=1660007616
DUM_SERVER_SYSTEM=
DUM_SERVER_USER=
DUM_SERVER_MEM=
DUM_BW=42828606427.22328
DUM_JITTER=0.010449853584084142
DUM_LOST=12.722973357224856
