DUS_CLIENT_SYSTEM=0.240788
DUS_CLIENT_USER=0.059992
DUS_CLIENT_MEM=1527242560
DUS_SERVER_SYSTEM=
DUS_SERVER_USER=
DUS_SERVER_MEM=
DUS_BW=16559415878.695284
DUS_JITTER=0.001990012160910081
DUS_LOST=5.038399263755276
