STM_CLIENT_SYSTEM=0.685764
STM_CLIENT_USER=0.050282
STM_CLIENT_MEM=1541105728
STM_SERVER_SYSTEM=
STM_SERVER_USER=
STM_SERVER_MEM=
STM_BW=49219958023.06838
STM_RTS=916
