STS_CLIENT_SYSTEM=0.400708
STS_CLIENT_USER=0.042447
STS_CLIENT_MEM=1523870080
STS_SERVER_SYSTEM=
STS_SERVER_USER=
STS_SERVER_MEM=
STS_BW=24390757538.854454
STS_RTS=392
