SUM_CLIENT_SYSTEM=1.117575
SUM_CLIENT_USER=0.199263
SUM_CLIENT_MEM=1652832576
SUM_SERVER_SYSTEM=
SUM_SERVER_USER=
SUM_SERVER_MEM=
SUM_BW=45303574360.906586
SUM_JITTER=0.00967637474579926
SUM_LOST=7.8596289053729
