SUS_CLIENT_SYSTEM=0.224550
SUS_CLIENT_USER=0.060809
SUS_CLIENT_MEM=1513407959
SUS_SERVER_SYSTEM=
SUS_SERVER_USER=
SUS_SERVER_MEM=
SUS_BW=15838292327.068678
SUS_JITTER=0.002137867302595533
SUS_LOST=3.0016951135246517
