STM_CLIENT_SYSTEM=0.221443
STM_CLIENT_USER=0.049137
STM_CLIENT_MEM=1485535040
STM_SERVER_SYSTEM=
STM_SERVER_USER=
STM_SERVER_MEM=
STM_BW=13748079533.956627
STM_RTS=79073
