SUS_CLIENT_SYSTEM=0.239789
SUS_CLIENT_USER=0.076051
SUS_CLIENT_MEM=1452255360
SUS_SERVER_SYSTEM=
SUS_SERVER_USER=
SUS_SERVER_MEM=
SUS_BW=3441916362.721656
SUS_JITTER=0.001115772521416115
SUS_LOST=7.181538929068791
