DTM_CLIENT_SYSTEM=0.210378
DTM_CLIENT_USER=0.020808
DTM_CLIENT_MEM=1006598528
DTM_SERVER_SYSTEM=
DTM_SERVER_USER=
DTM_SERVER_MEM=
DTM_BW=18522401667.425446
DTM_RTS=2299022
