DTS_CLIENT_SYSTEM=0.043107
DTS_CLIENT_USER=0.024586
DTS_CLIENT_MEM=1001870912
DTS_SERVER_SYSTEM=
DTS_SERVER_USER=
DTS_SERVER_MEM=
DTS_BW=3445044535.95668
DTS_RTS=288383
