DUM_CLIENT_SYSTEM=1.566536
DUM_CLIENT_USER=0.329236
DUM_CLIENT_MEM=992412544
DUM_SERVER_SYSTEM=
DUM_SERVER_USER=
DUM_SERVER_MEM=
DUM_BW=16285938022.412859
DUM_JITTER=0.00407020218646905
DUM_LOST=13.574946496182056
