DUS_CLIENT_SYSTEM=0.197840
DUS_CLIENT_USER=0.046551
DUS_CLIENT_MEM=1008293824
DUS_SERVER_SYSTEM=
DUS_SERVER_USER=
DUS_SERVER_MEM=
DUS_BW=2980182679.532538
DUS_JITTER=0.0026663390521630523
DUS_LOST=4.365171561156033
