STM_CLIENT_SYSTEM=0.217327
STM_CLIENT_USER=0.024238
STM_CLIENT_MEM=1012738240
STM_SERVER_SYSTEM=
STM_SERVER_USER=
STM_SERVER_MEM=
STM_BW=18005032647.084755
STM_RTS=2375737
