STS_CLIENT_SYSTEM=0.045401
STS_CLIENT_USER=0.020160
STS_CLIENT_MEM=1014946048
STS_SERVER_SYSTEM=
STS_SERVER_USER=
STS_SERVER_MEM=
STS_BW=4057691989.728732
STS_RTS=189997
