SUM_CLIENT_SYSTEM=1.549503
SUM_CLIENT_USER=0.327565
SUM_CLIENT_MEM=1007388928
SUM_SERVER_SYSTEM=
SUM_SERVER_USER=
SUM_SERVER_MEM=
SUM_BW=16816215395.268023
SUM_JITTER=0.004907381654425964
SUM_LOST=10.02015078440851
