SUS_CLIENT_SYSTEM=0.191110
SUS_CLIENT_USER=0.050646
SUS_CLIENT_MEM=1030850048
SUS_SERVER_SYSTEM=
SUS_SERVER_USER=
SUS_SERVER_MEM=
SUS_BW=2807287793.9856653
SUS_JITTER=0.0041565933757483344
SUS_LOST=9.247036489792825
