DTM_CLIENT_SYSTEM=0.750745
DTM_CLIENT_USER=0.053075
DTM_CLIENT_MEM=1542326080
DTM_SERVER_SYSTEM=
DTM_SERVER_USER=
DTM_SERVER_MEM=
DTM_BW=49215529205.94265
DTM_RTS=576
