DTS_CLIENT_SYSTEM=0.398289
DTS_CLIENT_USER=0.046057
DTS_CLIENT_MEM=1538552896
DTS_SERVER_SYSTEM=
DTS_SERVER_USER=
DTS_SERVER_MEM=
DTS_BW=24524126522.770065
DTS_RTS=566
