DUM_CLIENT_SYSTEM=1.276160
DUM_CLIENT_USER=0.223537
DUM_CLIENT_MEM=1659035200
DUM_SERVER_SYSTEM=
DUM_SERVER_USER=
DUM_SERVER_MEM=
DUM_BW=28723042511.11142
DUM_JITTER=0.02676924986600402
DUM_LOST=38.24778335504842
