DUS_CLIENT_SYSTEM=0.231110
DUS_CLIENT_USER=0.059662
DUS_CLIENT_MEM=1542419328
DUS_SERVER_SYSTEM=
DUS_SERVER_USER=
DUS_SERVER_MEM=
DUS_BW=16534085153.070736
DUS_JITTER=0.003448962227030497
DUS_LOST=5.4686273767668085
