STM_CLIENT_SYSTEM=0.418093
STM_CLIENT_USER=0.045363
STM_CLIENT_MEM=1550246912
STM_SERVER_SYSTEM=
STM_SERVER_USER=
STM_SERVER_MEM=
STM_BW=25950935422.30495
STM_RTS=82672
