STS_CLIENT_SYSTEM=0.394316
STS_CLIENT_USER=0.047200
STS_CLIENT_MEM=1539316992
STS_SERVER_SYSTEM=
STS_SERVER_USER=
STS_SERVER_MEM=
STS_BW=24443318111.23435
STS_RTS=1099
