SUM_CLIENT_SYSTEM=1.149303
SUM_CLIENT_USER=0.209054
SUM_CLIENT_MEM=1674821248
SUM_SERVER_SYSTEM=
SUM_SERVER_USER=
SUM_SERVER_MEM=
SUM_BW=46789505232.81626
SUM_JITTER=0.0116386335451071
SUM_LOST=5.05723061746067
