SUS_CLIENT_SYSTEM=0.221435
SUS_CLIENT_USER=0.061137
SUS_CLIENT_MEM=1550222656
SUS_SERVER_SYSTEM=
SUS_SERVER_USER=
SUS_SERVER_MEM=
SUS_BW=14926572722.098492
SUS_JITTER=0.0024034182183476725
SUS_LOST=2.991237099491497
