DTM_CLIENT_SYSTEM=4.719351
DTM_CLIENT_USER=0.055851
DTM_CLIENT_MEM=1645522624
DTM_SERVER_SYSTEM=
DTM_SERVER_USER=
DTM_SERVER_MEM=
DTM_BW=16719087245.78362
DTM_RTS=37058
