DTS_CLIENT_SYSTEM=3.079318
DTS_CLIENT_USER=0.054572
DTS_CLIENT_MEM=1631783296
DTS_SERVER_SYSTEM=
DTS_SERVER_USER=
DTS_SERVER_MEM=
DTS_BW=9506300916.474525
DTS_RTS=10653
