DUM_CLIENT_SYSTEM=6.982026
DUM_CLIENT_USER=0.217103
DUM_CLIENT_MEM=1767125696
DUM_SERVER_SYSTEM=
DUM_SERVER_USER=
DUM_SERVER_MEM=
DUM_BW=16334293506.726248
DUM_JITTER=0.042077120504670634
DUM_LOST=66.4244851855053
