DUS_CLIENT_SYSTEM=5.271404
DUS_CLIENT_USER=0.077193
DUS_CLIENT_MEM=1669745600
DUS_SERVER_SYSTEM=
DUS_SERVER_USER=
DUS_SERVER_MEM=
DUS_BW=15917399949.815027
DUS_JITTER=0.007339028318169989
DUS_LOST=14.470799738102707
