STM_CLIENT_SYSTEM=4.871770
STM_CLIENT_USER=0.056172
STM_CLIENT_MEM=1646100992
STM_SERVER_SYSTEM=
STM_SERVER_USER=
STM_SERVER_MEM=
STM_BW=17221575734.720108
STM_RTS=39762
