STS_CLIENT_SYSTEM=2.921549
STS_CLIENT_USER=0.046543
STS_CLIENT_MEM=1636196800
STS_SERVER_SYSTEM=
STS_SERVER_USER=
STS_SERVER_MEM=
STS_BW=10410452526.010944
STS_RTS=2771
