SUM_CLIENT_SYSTEM=6.996326
SUM_CLIENT_USER=0.229444
SUM_CLIENT_MEM=1764001792
SUM_SERVER_SYSTEM=
SUM_SERVER_USER=
SUM_SERVER_MEM=
SUM_BW=17117499216.906626
SUM_JITTER=0.0835596609356781
SUM_LOST=65.50705785554833
