SUS_CLIENT_SYSTEM=4.942342
SUS_CLIENT_USER=0.074365
SUS_CLIENT_MEM=1672124672
SUS_SERVER_SYSTEM=
SUS_SERVER_USER=
SUS_SERVER_MEM=
SUS_BW=15315685245.221645
SUS_JITTER=0.004119742072737358
SUS_LOST=13.1002535645673
