DTM_CLIENT_SYSTEM=0.246722
DTM_CLIENT_USER=0.049443
DTM_CLIENT_MEM=1493259648
DTM_SERVER_SYSTEM=
DTM_SERVER_USER=
DTM_SERVER_MEM=
DTM_BW=10695930398.845537
DTM_RTS=100563
