DTM_CLIENT_SYSTEM=0.629596
DTM_CLIENT_USER=0.051593
DTM_CLIENT_MEM=1258234688
DTM_SERVER_SYSTEM=
DTM_SERVER_USER=
DTM_SERVER_MEM=
DTM_BW=37607385541.59261
DTM_RTS=5651880
