DTS_CLIENT_SYSTEM=0.058348
DTS_CLIENT_USER=0.036877
DTS_CLIENT_MEM=1481896911
DTS_SERVER_SYSTEM=
DTS_SERVER_USER=
DTS_SERVER_MEM=
DTS_BW=3694821548.410762
DTS_RTS=11446
