DTS_CLIENT_SYSTEM=0.355164
DTS_CLIENT_USER=0.047038
DTS_CLIENT_MEM=1230424832
DTS_SERVER_SYSTEM=
DTS_SERVER_USER=
DTS_SERVER_MEM=
DTS_BW=21945126532.92814
DTS_RTS=577047
