DUM_CLIENT_SYSTEM=2.151532
DUM_CLIENT_USER=0.454300
DUM_CLIENT_MEM=1241137984
DUM_SERVER_SYSTEM=
DUM_SERVER_USER=
DUM_SERVER_MEM=
DUM_BW=17007891558.388184
DUM_JITTER=0.005373965879739028
DUM_LOST=31.356568447976223
