DUS_CLIENT_SYSTEM=0.264870
DUS_CLIENT_USER=0.071790
DUS_CLIENT_MEM=1242395328
DUS_SERVER_SYSTEM=
DUS_SERVER_USER=
DUS_SERVER_MEM=
DUS_BW=4027882255.057333
DUS_JITTER=0.0018655259199542363
DUS_LOST=5.83908638198686
