STM_CLIENT_SYSTEM=0.242049
STM_CLIENT_USER=0.058956
STM_CLIENT_MEM=1513171648
STM_SERVER_SYSTEM=
STM_SERVER_USER=
STM_SERVER_MEM=
STM_BW=10684314558.208914
STM_RTS=75473
