STM_CLIENT_SYSTEM=0.575336
STM_CLIENT_USER=0.046512
STM_CLIENT_MEM=1259345600
STM_SERVER_SYSTEM=
STM_SERVER_USER=
STM_SERVER_MEM=
STM_BW=37001979850.25458
STM_RTS=5293098
