STS_CLIENT_SYSTEM=0.365138
STS_CLIENT_USER=0.047527
STS_CLIENT_MEM=1234420672
STS_SERVER_SYSTEM=
STS_SERVER_USER=
STS_SERVER_MEM=
STS_BW=21773939833.356045
STS_RTS=637714
