STS_CLIENT_SYSTEM=0.054246
STS_CLIENT_USER=0.035727
STS_CLIENT_MEM=1498886336
STS_SERVER_SYSTEM=
STS_SERVER_USER=
STS_SERVER_MEM=
STS_BW=3072276465.95553
STS_RTS=11602
