SUM_CLIENT_SYSTEM=1.896670
SUM_CLIENT_USER=0.401455
SUM_CLIENT_MEM=1490519360
SUM_SERVER_SYSTEM=
SUM_SERVER_USER=
SUM_SERVER_MEM=
SUM_BW=19749826933.9647
SUM_JITTER=0.003269781844706061
SUM_LOST=10.081052881872916
