SUM_CLIENT_SYSTEM=1.919415
SUM_CLIENT_USER=0.416851
SUM_CLIENT_MEM=1265409664
SUM_SERVER_SYSTEM=
SUM_SERVER_USER=
SUM_SERVER_MEM=
SUM_BW=13669253231.361177
SUM_JITTER=0.0048316195732120825
SUM_LOST=24.70222267968138
