SUS_CLIENT_SYSTEM=0.253893
SUS_CLIENT_USER=0.072119
SUS_CLIENT_MEM=1241757858
SUS_SERVER_SYSTEM=
SUS_SERVER_USER=
SUS_SERVER_MEM=
SUS_BW=3687865459.5549774
SUS_JITTER=0.0013285901726213824
SUS_LOST=6.48238518298455
