SUS_CLIENT_SYSTEM=0.244702
SUS_CLIENT_USER=0.073099
SUS_CLIENT_MEM=1505251008
SUS_SERVER_SYSTEM=
SUS_SERVER_USER=
SUS_SERVER_MEM=
SUS_BW=3563285897.7589183
SUS_JITTER=0.0007572044290457835
SUS_LOST=4.00930563815384
