DTM_CLIENT_SYSTEM=5.007370
DTM_CLIENT_USER=0.058635
DTM_CLIENT_MEM=1669848640
DTM_SERVER_SYSTEM=
DTM_SERVER_USER=
DTM_SERVER_MEM=
DTM_BW=19312118855.12601
DTM_RTS=131087
