DTS_CLIENT_SYSTEM=3.166339
DTS_CLIENT_USER=0.057358
DTS_CLIENT_MEM=1655136256
DTS_SERVER_SYSTEM=
DTS_SERVER_USER=
DTS_SERVER_MEM=
DTS_BW=10234361415.416565
DTS_RTS=14509
