DUM_CLIENT_SYSTEM=7.080484
DUM_CLIENT_USER=0.265885
DUM_CLIENT_MEM=1788209314
DUM_SERVER_SYSTEM=
DUM_SERVER_USER=
DUM_SERVER_MEM=
DUM_BW=16076078131.493155
DUM_JITTER=0.08077208998396378
DUM_LOST=73.4356156588748
