DUS_CLIENT_SYSTEM=5.431465
DUS_CLIENT_USER=0.083753
DUS_CLIENT_MEM=1703582336
DUS_SERVER_SYSTEM=
DUS_SERVER_USER=
DUS_SERVER_MEM=
DUS_BW=15981706007.169767
DUS_JITTER=0.002738316582308422
DUS_LOST=13.064360410874338
