STM_CLIENT_SYSTEM=4.932523
STM_CLIENT_USER=0.054538
STM_CLIENT_MEM=1671420716
STM_SERVER_SYSTEM=
STM_SERVER_USER=
STM_SERVER_MEM=
STM_BW=19430952012.633556
STM_RTS=175785
