STS_CLIENT_SYSTEM=3.125409
STS_CLIENT_USER=0.051081
STS_CLIENT_MEM=1662759936
STS_SERVER_SYSTEM=
STS_SERVER_USER=
STS_SERVER_MEM=
STS_BW=10305714987.474697
STS_RTS=15468
