SUM_CLIENT_SYSTEM=6.734881
SUM_CLIENT_USER=0.253469
SUM_CLIENT_MEM=1785760256
SUM_SERVER_SYSTEM=
SUM_SERVER_USER=
SUM_SERVER_MEM=
SUM_BW=15669730429.203636
SUM_JITTER=0.023809833314759544
SUM_LOST=72.35672067693264
