SUS_CLIENT_SYSTEM=4.741482
SUS_CLIENT_USER=0.081120
SUS_CLIENT_MEM=1701114816
SUS_SERVER_SYSTEM=
SUS_SERVER_USER=
SUS_SERVER_MEM=
SUS_BW=15054143552.235573
SUS_JITTER=0.0427394759161932
SUS_LOST=13.682580887849838
