DTM_CLIENT_SYSTEM=0.716205
DTM_CLIENT_USER=0.046196
DTM_CLIENT_MEM=1398816192
DTM_SERVER_SYSTEM=
DTM_SERVER_USER=
DTM_SERVER_MEM=
DTM_BW=37320388898.360565
DTM_RTS=11791575
