DTS_CLIENT_SYSTEM=0.366455
DTS_CLIENT_USER=0.043758
DTS_CLIENT_MEM=1397070592
DTS_SERVER_SYSTEM=
DTS_SERVER_USER=
DTS_SERVER_MEM=
DTS_BW=22969411778.917187
DTS_RTS=271365
