DUM_CLIENT_SYSTEM=3.874230
DUM_CLIENT_USER=0.642127
DUM_CLIENT_MEM=1387481920
DUM_SERVER_SYSTEM=
DUM_SERVER_USER=
DUM_SERVER_MEM=
DUM_BW=31631266480.796787
DUM_JITTER=0.0017490262687973371
DUM_LOST=16.560972529027655
