DUS_CLIENT_SYSTEM=0.505483
DUS_CLIENT_USER=0.101621
DUS_CLIENT_MEM=1374405632
DUS_SERVER_SYSTEM=
DUS_SERVER_USER=
DUS_SERVER_MEM=
DUS_BW=6555275503.047607
DUS_JITTER=0.0033154877726136516
DUS_LOST=4.292924468922494
