STM_CLIENT_SYSTEM=0.530523
STM_CLIENT_USER=0.044388
STM_CLIENT_MEM=1410920192
STM_SERVER_SYSTEM=
STM_SERVER_USER=
STM_SERVER_MEM=
STM_BW=31852693310.96064
STM_RTS=10685083
