STS_CLIENT_SYSTEM=0.340222
STS_CLIENT_USER=0.040643
STS_CLIENT_MEM=1374190080
STS_SERVER_SYSTEM=
STS_SERVER_USER=
STS_SERVER_MEM=
STS_BW=21972340151.72247
STS_RTS=825055
