SUM_CLIENT_SYSTEM=3.447219
SUM_CLIENT_USER=0.586144
SUM_CLIENT_MEM=1404197632
SUM_SERVER_SYSTEM=
SUM_SERVER_USER=
SUM_SERVER_MEM=
SUM_BW=26941505122.77528
SUM_JITTER=0.0019154447671787457
SUM_LOST=18.39939175562578
