SUS_CLIENT_SYSTEM=0.454672
SUS_CLIENT_USER=0.096212
SUS_CLIENT_MEM=1394985152
SUS_SERVER_SYSTEM=
SUS_SERVER_USER=
SUS_SERVER_MEM=
SUS_BW=6054732524.326964
SUS_JITTER=0.0019483129690090824
SUS_LOST=4.042576637889113
