DTM_CLIENT_SYSTEM=0.780631
DTM_CLIENT_USER=0.049455
DTM_CLIENT_MEM=1397002432
DTM_SERVER_SYSTEM=
DTM_SERVER_USER=
DTM_SERVER_MEM=
DTM_BW=42642597882.89822
DTM_RTS=7800774
