DTS_CLIENT_SYSTEM=0.372040
DTS_CLIENT_USER=0.039498
DTS_CLIENT_MEM=1370437312
DTS_SERVER_SYSTEM=
DTS_SERVER_USER=
DTS_SERVER_MEM=
DTS_BW=22973601325.567745
DTS_RTS=272835
