DUM_CLIENT_SYSTEM=3.225278
DUM_CLIENT_USER=0.524763
DUM_CLIENT_MEM=1414326272
DUM_SERVER_SYSTEM=
DUM_SERVER_USER=
DUM_SERVER_MEM=
DUM_BW=27734475547.980663
DUM_JITTER=0.003722936743489273
DUM_LOST=8.904395828718044
