DUS_CLIENT_SYSTEM=0.526316
DUS_CLIENT_USER=0.094904
DUS_CLIENT_MEM=1400755904
DUS_SERVER_SYSTEM=
DUS_SERVER_USER=
DUS_SERVER_MEM=
DUS_BW=6673061104.791005
DUS_JITTER=0.000533547407819192
DUS_LOST=4.92461402163422
