STM_CLIENT_SYSTEM=0.623331
STM_CLIENT_USER=0.046525
STM_CLIENT_MEM=1401968256
STM_SERVER_SYSTEM=
STM_SERVER_USER=
STM_SERVER_MEM=
STM_BW=34403552149.14813
STM_RTS=9685103
