STS_CLIENT_SYSTEM=0.349784
STS_CLIENT_USER=0.047206
STS_CLIENT_MEM=1380817708
STS_SERVER_SYSTEM=
STS_SERVER_USER=
STS_SERVER_MEM=
STS_BW=23078868924.04713
STS_RTS=205463
