SUM_CLIENT_SYSTEM=3.378832
SUM_CLIENT_USER=0.556639
SUM_CLIENT_MEM=1406791808
SUM_SERVER_SYSTEM=
SUM_SERVER_USER=
SUM_SERVER_MEM=
SUM_BW=25777203398.77453
SUM_JITTER=0.00168204640289655
SUM_LOST=22.117049286185075
