SUS_CLIENT_SYSTEM=0.457622
SUS_CLIENT_USER=0.087525
SUS_CLIENT_MEM=1373579008
SUS_SERVER_SYSTEM=
SUS_SERVER_USER=
SUS_SERVER_MEM=
SUS_BW=6054792260.873213
SUS_JITTER=0.0002609803901448408
SUS_LOST=3.7367517458303183
