DTM_CLIENT_SYSTEM=0.504743
DTM_CLIENT_USER=0.026867
DTM_CLIENT_MEM=1072186944
DTM_SERVER_SYSTEM=
DTM_SERVER_USER=
DTM_SERVER_MEM=
DTM_BW=44732538695.4909
DTM_RTS=1063999
