DTS_CLIENT_SYSTEM=0.436436
DTS_CLIENT_USER=0.035892
DTS_CLIENT_MEM=1058434816
DTS_SERVER_SYSTEM=
DTS_SERVER_USER=
DTS_SERVER_MEM=
DTS_BW=22699809149.480366
DTS_RTS=15977
