DUM_CLIENT_SYSTEM=1.800701
DUM_CLIENT_USER=0.372785
DUM_CLIENT_MEM=1094798080
DUM_SERVER_SYSTEM=
DUM_SERVER_USER=
DUM_SERVER_MEM=
DUM_BW=15119575041.153154
DUM_JITTER=0.003855914109519997
DUM_LOST=32.6936222569883
