DUS_CLIENT_SYSTEM=0.258646
DUS_CLIENT_USER=0.061793
DUS_CLIENT_MEM=1072436480
DUS_SERVER_SYSTEM=
DUS_SERVER_USER=
DUS_SERVER_MEM=
DUS_BW=4160074898.911602
DUS_JITTER=0.00096610125913815
DUS_LOST=0
