STM_CLIENT_SYSTEM=0.613662
STM_CLIENT_USER=0.032255
STM_CLIENT_MEM=1070612154
STM_SERVER_SYSTEM=
STM_SERVER_USER=
STM_SERVER_MEM=
STM_BW=45389061167.50255
STM_RTS=85879
