STS_CLIENT_SYSTEM=0.446076
STS_CLIENT_USER=0.030973
STS_CLIENT_MEM=1068537280
STS_SERVER_SYSTEM=
STS_SERVER_USER=
STS_SERVER_MEM=
STS_BW=22698235012.2868
STS_RTS=9771
