SUM_CLIENT_SYSTEM=1.793258
SUM_CLIENT_USER=0.370024
SUM_CLIENT_MEM=1058513408
SUM_SERVER_SYSTEM=
SUM_SERVER_USER=
SUM_SERVER_MEM=
SUM_BW=17846861244.205257
SUM_JITTER=0.00496471042241011
SUM_LOST=19.35136054495151
