SUS_CLIENT_SYSTEM=0.251754
SUS_CLIENT_USER=0.064905
SUS_CLIENT_MEM=1058474624
SUS_SERVER_SYSTEM=
SUS_SERVER_USER=
SUS_SERVER_MEM=
SUS_BW=4133990821.687893
SUS_JITTER=0.0020876975190693282
SUS_LOST=0
