DUM_CLIENT_SYSTEM=2.030285
DUM_CLIENT_USER=0.418381
DUM_CLIENT_MEM=1465434880
DUM_SERVER_SYSTEM=
DUM_SERVER_USER=
DUM_SERVER_MEM=
DUM_BW=18232929818.33236
DUM_JITTER=0.0567516254281486
DUM_LOST=22.394180409524672
