DUS_CLIENT_SYSTEM=0.258159
DUS_CLIENT_USER=0.068351
DUS_CLIENT_MEM=1461965312
DUS_SERVER_SYSTEM=
DUS_SERVER_USER=
DUS_SERVER_MEM=
DUS_BW=3819032269.73302
DUS_JITTER=0.006060082876905997
DUS_LOST=7.94820961857946
