DUM_CLIENT_SYSTEM=2.079380
DUM_CLIENT_USER=0.423775
DUM_CLIENT_MEM=1457621440
DUM_SERVER_SYSTEM=
DUM_SERVER_USER=
DUM_SERVER_MEM=
DUM_BW=21528949238.47894
DUM_JITTER=0.004116682019304018
DUM_LOST=9.66459906312341
