STM_CLIENT_SYSTEM=0.226670
STM_CLIENT_USER=0.046022
STM_CLIENT_MEM=1484502400
STM_SERVER_SYSTEM=
STM_SERVER_USER=
STM_SERVER_MEM=
STM_BW=11996029862.096958
STM_RTS=76970
