STS_CLIENT_SYSTEM=0.055719
STS_CLIENT_USER=0.036218
STS_CLIENT_MEM=1468803904
STS_SERVER_SYSTEM=
STS_SERVER_USER=
STS_SERVER_MEM=
STS_BW=5075500173.72399
STS_RTS=13200
