SUM_CLIENT_SYSTEM=1.916856
SUM_CLIENT_USER=0.399987
SUM_CLIENT_MEM=1454859584
SUM_SERVER_SYSTEM=
SUM_SERVER_USER=
SUM_SERVER_MEM=
SUM_BW=19760457047.7391
SUM_JITTER=0.003133635855377648
SUM_LOST=10.735962879876595
