SUS_CLIENT_SYSTEM=0.236019
SUS_CLIENT_USER=0.066544
SUS_CLIENT_MEM=1466543424
SUS_SERVER_SYSTEM=
SUS_SERVER_USER=
SUS_SERVER_MEM=
SUS_BW=3620748628.4191275
SUS_JITTER=0.016788985187381818
SUS_LOST=5.837589591023656
