DTM_CLIENT_SYSTEM=0.589189
DTM_CLIENT_USER=0.049468
DTM_CLIENT_MEM=1243861248
DTM_SERVER_SYSTEM=
DTM_SERVER_USER=
DTM_SERVER_MEM=
DTM_BW=37476789004.45808
DTM_RTS=4689926
