DTM_CLIENT_SYSTEM=0.212613
DTM_CLIENT_USER=0.050942
DTM_CLIENT_MEM=1482462528
DTM_SERVER_SYSTEM=
DTM_SERVER_USER=
DTM_SERVER_MEM=
DTM_BW=11112589792.82969
DTM_RTS=80938
