DTS_CLIENT_SYSTEM=0.352384
DTS_CLIENT_USER=0.045564
DTS_CLIENT_MEM=1220560192
DTS_SERVER_SYSTEM=
DTS_SERVER_USER=
DTS_SERVER_MEM=
DTS_BW=21198816360.59833
DTS_RTS=930782
