DTS_CLIENT_SYSTEM=0.052116
DTS_CLIENT_USER=0.040316
DTS_CLIENT_MEM=1474202176
DTS_SERVER_SYSTEM=
DTS_SERVER_USER=
DTS_SERVER_MEM=
DTS_BW=3470720803.7846766
DTS_RTS=10538
