DUM_CLIENT_SYSTEM=2.092627
DUM_CLIENT_USER=0.449204
DUM_CLIENT_MEM=1242697856
DUM_SERVER_SYSTEM=
DUM_SERVER_USER=
DUM_SERVER_MEM=
DUM_BW=20764427957.163544
DUM_JITTER=0.002906933167631036
DUM_LOST=13.834239865392007
