DUS_CLIENT_SYSTEM=0.255696
DUS_CLIENT_USER=0.072447
DUS_CLIENT_MEM=1467850048
DUS_SERVER_SYSTEM=
DUS_SERVER_USER=
DUS_SERVER_MEM=
DUS_BW=3792208810.261198
DUS_JITTER=0.009220809232046785
DUS_LOST=8.306950638758764
