DUS_CLIENT_SYSTEM=0.270607
DUS_CLIENT_USER=0.079658
DUS_CLIENT_MEM=1222713728
DUS_SERVER_SYSTEM=
DUS_SERVER_USER=
DUS_SERVER_MEM=
DUS_BW=4005737879.865027
DUS_JITTER=0.006782182661824078
DUS_LOST=6.825082917562045
