STM_CLIENT_SYSTEM=0.619913
STM_CLIENT_USER=0.049790
STM_CLIENT_MEM=1244475456
STM_SERVER_SYSTEM=
STM_SERVER_USER=
STM_SERVER_MEM=
STM_BW=36972734972.94352
STM_RTS=4618891
