STS_CLIENT_SYSTEM=0.368228
STS_CLIENT_USER=0.045557
STS_CLIENT_MEM=1220994304
STS_SERVER_SYSTEM=
STS_SERVER_USER=
STS_SERVER_MEM=
STS_BW=21348108958.39767
STS_RTS=833220
