SUM_CLIENT_SYSTEM=1.880581
SUM_CLIENT_USER=0.401776
SUM_CLIENT_MEM=1270208448
SUM_SERVER_SYSTEM=
SUM_SERVER_USER=
SUM_SERVER_MEM=
SUM_BW=19577243572.880447
SUM_JITTER=0.004886722442234044
SUM_LOST=9.884400710922186
