SUS_CLIENT_SYSTEM=0.256175
SUS_CLIENT_USER=0.065396
SUS_CLIENT_MEM=1226389376
SUS_SERVER_SYSTEM=
SUS_SERVER_USER=
SUS_SERVER_MEM=
SUS_BW=3745351966.23369
SUS_JITTER=0.0006162047030801568
SUS_LOST=5.306792887774482
