DTM_CLIENT_SYSTEM=0.604041
DTM_CLIENT_USER=0.055345
DTM_CLIENT_MEM=1371495104
DTM_SERVER_SYSTEM=
DTM_SERVER_USER=
DTM_SERVER_MEM=
DTM_BW=32945853447.72549
DTM_RTS=9567373
