DTS_CLIENT_SYSTEM=0.377120
DTS_CLIENT_USER=0.048513
DTS_CLIENT_MEM=1350836032
DTS_SERVER_SYSTEM=
DTS_SERVER_USER=
DTS_SERVER_MEM=
DTS_BW=22848584434.289925
DTS_RTS=331353
