DUM_CLIENT_SYSTEM=3.966176
DUM_CLIENT_USER=0.641255
DUM_CLIENT_MEM=1370844160
DUM_SERVER_SYSTEM=
DUM_SERVER_USER=
DUM_SERVER_MEM=
DUM_BW=33498180398.557114
DUM_JITTER=0.0010644096662743182
DUM_LOST=12.763339561330787
