DUS_CLIENT_SYSTEM=0.511392
DUS_CLIENT_USER=0.100967
DUS_CLIENT_MEM=1362864320
DUS_SERVER_SYSTEM=
DUS_SERVER_USER=
DUS_SERVER_MEM=
DUS_BW=6533590502.7496
DUS_JITTER=0.000775520841568683
DUS_LOST=5.708585339812548
