STM_CLIENT_SYSTEM=0.761494
STM_CLIENT_USER=0.053562
STM_CLIENT_MEM=1377564544
STM_SERVER_SYSTEM=
STM_SERVER_USER=
STM_SERVER_MEM=
STM_BW=44170971000.928474
STM_RTS=5826738
