STS_CLIENT_SYSTEM=0.348427
STS_CLIENT_USER=0.046217
STS_CLIENT_MEM=1355436928
STS_SERVER_SYSTEM=
STS_SERVER_USER=
STS_SERVER_MEM=
STS_BW=22969754881.26726
STS_RTS=280032
