SUM_CLIENT_SYSTEM=3.630658
SUM_CLIENT_USER=0.608469
SUM_CLIENT_MEM=1366099520
SUM_SERVER_SYSTEM=
SUM_SERVER_USER=
SUM_SERVER_MEM=
SUM_BW=31125888524.069736
SUM_JITTER=0.002245385774946835
SUM_LOST=12.326541661358245
