SUS_CLIENT_SYSTEM=0.466847
SUS_CLIENT_USER=0.093107
SUS_CLIENT_MEM=1365169472
SUS_SERVER_SYSTEM=
SUS_SERVER_USER=
SUS_SERVER_MEM=
SUS_BW=6074078158.4932
SUS_JITTER=0.00045584563045582966
SUS_LOST=3.0912165839380217
