DTM_CLIENT_SYSTEM=4.815852
DTM_CLIENT_USER=0.053713
DTM_CLIENT_MEM=1646132736
DTM_SERVER_SYSTEM=
DTM_SERVER_USER=
DTM_SERVER_MEM=
DTM_BW=16467768565.682674
DTM_RTS=37433
