DTS_CLIENT_SYSTEM=3.029876
DTS_CLIENT_USER=0.049984
DTS_CLIENT_MEM=1640384768
DTS_SERVER_SYSTEM=
DTS_SERVER_USER=
DTS_SERVER_MEM=
DTS_BW=9371616742.724274
DTS_RTS=11405
