DUM_CLIENT_SYSTEM=7.146391
DUM_CLIENT_USER=0.256410
DUM_CLIENT_MEM=1783802304
DUM_SERVER_SYSTEM=
DUM_SERVER_USER=
DUM_SERVER_MEM=
DUM_BW=16350786902.028923
DUM_JITTER=0.07564959070765874
DUM_LOST=71.9149207191559
