DUS_CLIENT_SYSTEM=5.209703
DUS_CLIENT_USER=0.080144
DUS_CLIENT_MEM=1675394880
DUS_SERVER_SYSTEM=
DUS_SERVER_USER=
DUS_SERVER_MEM=
DUS_BW=15797538867.898241
DUS_JITTER=0.0018706927137842621
DUS_LOST=13.608291518756207
