STM_CLIENT_SYSTEM=5.256150
STM_CLIENT_USER=0.051754
STM_CLIENT_MEM=1665484352
STM_SERVER_SYSTEM=
STM_SERVER_USER=
STM_SERVER_MEM=
STM_BW=19379494276.903187
STM_RTS=132422
