STS_CLIENT_SYSTEM=3.173274
STS_CLIENT_USER=0.046379
STS_CLIENT_MEM=1660885568
STS_SERVER_SYSTEM=
STS_SERVER_USER=
STS_SERVER_MEM=
STS_BW=10115421036.303082
STS_RTS=15562
