SUM_CLIENT_SYSTEM=6.909907
SUM_CLIENT_USER=0.272294
SUM_CLIENT_MEM=1782228288
SUM_SERVER_SYSTEM=
SUM_SERVER_USER=
SUM_SERVER_MEM=
SUM_BW=16016632490.504639
SUM_JITTER=0.021246366146868933
SUM_LOST=73.81187334260954
