SUS_CLIENT_SYSTEM=4.835210
SUS_CLIENT_USER=0.074897
SUS_CLIENT_MEM=1692291200
SUS_SERVER_SYSTEM=
SUS_SERVER_USER=
SUS_SERVER_MEM=
SUS_BW=15808409852.630236
SUS_JITTER=0.0014128980910860308
SUS_LOST=14.114588799301558
