DTM_CLIENT_SYSTEM=0.754504
DTM_CLIENT_USER=0.053063
DTM_CLIENT_MEM=1537497600
DTM_SERVER_SYSTEM=
DTM_SERVER_USER=
DTM_SERVER_MEM=
DTM_BW=49069585618.564285
DTM_RTS=24363
