DTS_CLIENT_SYSTEM=0.387925
DTS_CLIENT_USER=0.044578
DTS_CLIENT_MEM=1529894336
DTS_SERVER_SYSTEM=
DTS_SERVER_USER=
DTS_SERVER_MEM=
DTS_BW=24400212518.724934
DTS_RTS=217
