DUM_CLIENT_SYSTEM=1.139753
DUM_CLIENT_USER=0.212055
DUM_CLIENT_MEM=1664350848
DUM_SERVER_SYSTEM=
DUM_SERVER_USER=
DUM_SERVER_MEM=
DUM_BW=46560987522.36268
DUM_JITTER=0.00899186386079624
DUM_LOST=5.844657662610068
