DUS_CLIENT_SYSTEM=0.238482
DUS_CLIENT_USER=0.058022
DUS_CLIENT_MEM=1522213632
DUS_SERVER_SYSTEM=
DUS_SERVER_USER=
DUS_SERVER_MEM=
DUS_BW=15732232827.81307
DUS_JITTER=0.0019059312112767533
DUS_LOST=3.900981990796101
