STM_CLIENT_SYSTEM=0.755184
STM_CLIENT_USER=0.054538
STM_CLIENT_MEM=1537660160
STM_SERVER_SYSTEM=
STM_SERVER_USER=
STM_SERVER_MEM=
STM_BW=48966222468.8179
STM_RTS=185884
