STS_CLIENT_SYSTEM=0.350570
STS_CLIENT_USER=0.041793
STS_CLIENT_MEM=1530157056
STS_SERVER_SYSTEM=
STS_SERVER_USER=
STS_SERVER_MEM=
STS_BW=24474764506.360386
STS_RTS=1369
