SUM_CLIENT_SYSTEM=1.158907
SUM_CLIENT_USER=0.208282
SUM_CLIENT_MEM=1649401728
SUM_SERVER_SYSTEM=
SUM_SERVER_USER=
SUM_SERVER_MEM=
SUM_BW=43502427997.43046
SUM_JITTER=0.01517410103517539
SUM_LOST=11.867027105809305
