SUS_CLIENT_SYSTEM=0.227820
SUS_CLIENT_USER=0.062774
SUS_CLIENT_MEM=1544898560
SUS_SERVER_SYSTEM=
SUS_SERVER_USER=
SUS_SERVER_MEM=
SUS_BW=16007366705.223295
SUS_JITTER=0.0016429540695314226
SUS_LOST=4.188258197822842
