DTM_CLIENT_SYSTEM=0.385560
DTM_CLIENT_USER=0.045042
DTM_CLIENT_MEM=1104178688
DTM_SERVER_SYSTEM=
DTM_SERVER_USER=
DTM_SERVER_MEM=
DTM_BW=15054005418.399338
DTM_RTS=11583542
