DTS_CLIENT_SYSTEM=0.093251
DTS_CLIENT_USER=0.046544
DTS_CLIENT_MEM=1085420288
DTS_SERVER_SYSTEM=
DTS_SERVER_USER=
DTS_SERVER_MEM=
DTS_BW=2701053284.295393
DTS_RTS=3667202
