DUM_CLIENT_SYSTEM=2.586272
DUM_CLIENT_USER=0.445813
DUM_CLIENT_MEM=1075666816
DUM_SERVER_SYSTEM=
DUM_SERVER_USER=
DUM_SERVER_MEM=
DUM_BW=23767507238.86686
DUM_JITTER=0.0027624692666501035
DUM_LOST=9.14061992138155
