DUS_CLIENT_SYSTEM=0.333383
DUS_CLIENT_USER=0.072610
DUS_CLIENT_MEM=1096588800
DUS_SERVER_SYSTEM=
DUS_SERVER_USER=
DUS_SERVER_MEM=
DUS_BW=4461127169.143503
DUS_JITTER=0.0006812256757916524
DUS_LOST=0.7237930122055087
